0.00256180413987299
0.00562782665411369
0.00793901614669546
0.00917848713191186
0.00917848713191185
0.00793901614669547
0.00562782665411371
0.00256180413987299
0.00562782665411369
0.0123633311211382
0.0174406021063057
0.0201634987317859
0.0201634987317859
0.0174406021063058
0.0123633311211383
0.00562782665411369
0.00793901614669546
0.0174406021063057
0.0246029649169885
0.0284440782994821
0.028444078299482
0.0246029649169886
0.0174406021063058
0.00793901614669546
0.00917848713191186
0.0201634987317859
0.0284440782994821
0.0328848816814108
0.0328848816814107
0.0284440782994821
0.020163498731786
0.00917848713191187
0.00917848713191185
0.0201634987317859
0.028444078299482
0.0328848816814107
0.0328848816814106
0.0284440782994821
0.020163498731786
0.00917848713191185
0.00793901614669547
0.0174406021063058
0.0246029649169886
0.0284440782994821
0.0284440782994821
0.0246029649169886
0.0174406021063058
0.00793901614669548
0.00562782665411371
0.0123633311211383
0.0174406021063058
0.020163498731786
0.020163498731786
0.0174406021063058
0.0123633311211383
0.00562782665411371
0.00256180413987299
0.00562782665411369
0.00793901614669546
0.00917848713191187
0.00917848713191185
0.00793901614669548
0.00562782665411371
0.002561804139873
